10000
9579
5711
3477
1086
5368
6631
5141
5237
432
7320
1845
879
6559
8667
1551
9834
2234
2952
587
5718
2537
4408
42
1793
6697
2194
8763
4971
1129
3443
848
3476
1057
1193
9650
9724
2296
6124
963
8811
3868
6590
4032
3377
9795
4927
6016
577
6116
5727
6917
8830
7241
5696
7561
9095
675
1216
5625
6992
6440
4326
175
4521
7287
9740
9917
4036
3528
2916
6930
118
6022
1865
6486
5156
6762
2801
3972
113
6579
2175
7432
2132
5900
6536
763
9214
6648
8933
4833
5212
644
5549
9540
2051
2032
428
3457
2456
2810
9645
8863
4818
5299
7000
2692
5077
1716
3709
1155
9801
2027
5305
4493
2256
9944
8906
9139
1226
9797
8338
1240
4278
3119
1462
8841
5976
3519
683
2118
1071
5850
905
900
2212
1355
4562
7322
78
3425
9937
7635
3067
5918
7525
3563
7091
8077
8916
2976
2237
3697
5373
8718
1490
7412
1604
4037
5183
6386
2543
970
7089
6005
1029
7814
2081
6494
2620
9635
7383
9308
365
8393
1986
1420
7081
9927
1079
5014
4942
6383
313
4092
7991
4848
9353
2884
4498
7669
2910
6392
6
1101
2544
4404
811
3150
652
7901
4265
3095
5626
128
20
9349
2064
4437
9409
3176
4843
55
705
1846
8808
4713
5146
3308
8764
5391
2719
2784
1180
3104
1330
8043
7113
9774
1461
6816
3625
9073
4781
1924
2033
5987
3682
9382
7160
3222
3118
2852
9028
451
6580
3595
256
7263
6994
8172
1769
3184
3112
1668
3374
8702
5028
3759
8773
2926
2502
7827
2217
2321
7358
7005
2446
3514
5086
6604
4321
3410
4086
2246
4235
6313
5899
2611
6703
3411
8276
5674
9822
3281
2523
5411
6084
168
5667
7128
7705
8731
2985
1912
466
7821
4712
3021
4510
671
4156
4126
3250
777
5466
6972
3616
5172
6929
2637
45
5169
4807
7636
5358
697
4431
7334
8073
4009
5293
5409
2759
2986
510
8121
2235
1378
3833
4142
6096
8679
4002
6574
5076
3401
3536
1311
4790
2411
1945
7227
8137
2457
6238
9790
114
3843
8892
4957
9617
5721
1006
954
8658
2811
4000
2562
3540
4753
7862
3296
7811
7801
3427
8072
4306
9370
8464
3395
7823
7056
1432
6057
6364
6667
8804
4826
6775
4529
1407
4928
2087
1812
5138
1266
6366
6231
444
8931
3918
1028
1466
9232
406
2991
3930
5739
3186
6363
2141
3698
2845
6259
3735
5873
540
6758
485
5867
7953
5361
3681
1543
5097
938
9227
3716
3913
5337
728
3408
7330
404
9881
3819
2365
8337
8022
7969
2958
1120
7902
5609
2769
6309
994
4545
2274
2676
2005
7252
9948
5349
7526
8504
1158
8654
5196
8544
6612
8792
4780
3865
6871
1763
8488
5136
179
9907
3547
7531
5107
9470
4964
8479
268
9711
6354
337
2292
2657
6581
7559
7731
5884
2932
1347
3723
9935
165
440
3385
745
5421
8356
4389
2635
7794
5218
8002
1276
1469
2504
2271
8509
7164
6021
7344
2185
6325
4592
3198
9473
9581
9979
9558
1262
6093
7174
3500
4970
6938
2739
6154
6153
29
4517
8633
7045
2873
2340
1073
7042
289
2671
5270
5912
4070
9908
8963
8615
7587
3493
7204
3969
3000
9192
8200
287
5416
4706
2166
467
7397
1108
7967
2689
7509
3608
4709
7788
8657
2290
6305
5296
2819
7512
7806
7021
5795
3310
6957
8141
5215
3921
9346
1915
7859
7426
1283
701
9181
4345
3963
2745
4281
1835
2633
1735
5360
3282
333
4204
1104
3721
9021
1572
7101
492
8859
978
6643
4875
8114
4461
2886
6117
7094
2014
2957
206
6828
6877
6448
6896
4533
6760
64
6336
4085
7505
7084
484
6507
4360
3342
5189
9004
9127
6297
5142
6157
9441
9936
1121
218
7704
9877
9234
4933
5003
6523
2205
7203
2693
3224
5397
3151
4287
7060
4536
7632
2691
8962
9750
6512
178
4080
2464
9460
6664
8350
943
9584
8161
2353
5239
3942
4929
828
1373
140
6303
3105
982
1916
4059
1455
5666
3297
232
3727
4627
1169
2449
1503
8365
2990
5152
7011
9552
3489
8698
5439
1513
6081
9894
8893
10
913
4107
1054
5967
5623
59
3560
2116
5043
7722
3788
3582
2634
4256
6437
5770
605
4474
9825
5747
8538
4886
3301
7724
5936
9296
3813
6937
6404
4882
3256
4641
1390
5709
5110
3945
749
9494
1139
4372
4834
1379
1090
3768
6472
956
2377
7777
3321
3545
3965
8369
4225
9618
3073
7110
3954
5259
7807
7993
5101
8635
9955
7540
6106
2581
508
7941
8977
5779
5928
9892
6532
7036
5964
319
3920
8459
9062
6427
6934
6487
9250
7681
1242
6686
933
7292
7633
7454
4599
7548
2906
5410
1828
3381
559
7938
3726
8060
9639
1075
3980
4750
5198
446
3728
2708
8793
6452
5577
8948
9264
6400
2903
49
8264
5273
9193
5117
9539
2643
1669
9255
5954
7675
2275
9776
1124
5598
6078
239
4569
9104
8278
5802
7677
1695
8884
1323
9851
8525
2474
5649
3822
1171
5529
6213
8260
3507
7688
2240
2555
1091
9235
1452
8203
7630
6183
9557
1993
4061
3650
9484
713
2283
1078
9472
8690
2168
2782
9159
7499
790
8282
4103
3602
7980
1646
3387
9381
5735
7277
5359
1405
2366
9941
6225
5636
3928
7484
2625
9699
6676
5688
3939
6683
8403
2477
9529
8476
3815
6389
8042
7407
3110
3653
9549
188
9804
4385
9614
9523
9954
1552
907
372
4799
4890
6465
3117
7678
8021
4462
7868
6502
4778
6884
8526
2566
6478
3139
5327
1842
1434
3529
8106
627
3792
3340
7072
5044
5433
1413
8345
9879
3195
2799
3556
2612
248
1537
1025
1252
5015
8993
7009
2120
7158
7393
5854
3161
7471
6770
8083
2346
8017
948
7115
6584
4758
8421
4482
4006
4870
8266
1399
9918
920
1815
5493
6436
8281
5621
1446
2536
3690
2968
4976
4851
2096
3492
7761
514
5366
230
9516
7014
2329
909
7268
5716
7804
5317
7700
6863
9977
2956
3403
5791
2889
2163
7372
9404
9072
3255
2302
6010
9230
2589
5875
6790
3959
681
5777
1289
1035
1774
5448
321
3808
9871
8785
9054
6378
1989
7067
8452
568
7992
7900
5528
6143
3017
5326
2863
5889
326
6101
4251
9963
1557
3852
7865
5818
5839
3741
8952
198
2307
4200
3098
6847
2433
4755
592
8170
4634
6075
6552
196
8660
3992
6491
5934
1480
2011
5290
4342
8251
5175
2373
5568
601
8898
3249
3891
2588
1117
8174
4253
7296
6141
2621
1300
7638
1597
4172
1133
54
4636
9818
6535
3346
2785
1209
2936
1619
4394
8025
867
2641
9358
7017
5320
5710
6826
3722
9585
4722
5343
2289
3644
9772
1150
309
8193
1303
2917
8244
732
4328
9595
6500
5600
6717
7338
5098
3138
5670
6338
5461
134
2591
3909
5469
8786
6282
7572
2191
2756
9499
6527
23
5855
5467
1238
8729
8815
7855
4704
4670
8463
7413
664
270
8796
8616
5306
4450
3092
3226
834
1055
2304
8367
7423
9613
6433
1737
6340
2363
1645
5507
1500
2629
3951
4543
5486
6644
7239
9209
9436
3267
9190
4415
2188
3140
1958
9160
9592
9648
3241
8662
8053
8807
9107
4275
6920
7422
1854
9067
6928
7583
699
3856
6480
2775
4883
764
9815
211
4188
3734
3341
8856
5355
2836
5673
8305
3260
5328
7088
5485
6006
5628
2675
8500
4723
5520
7230
6036
4416
8361
5404
3758
7891
3908
8058
7238
2856
5008
6586
1245
842
8919
6359
1427
8245
5536
631
9887
2707
499
7781
6239
2613
2089
8097
7917
3131
6296
3548
6842
6024
8852
7726
3173
8915
2503
396
4237
9848
3353
7186
1299
420
7774
8158
5094
9687
4140
1640
4341
4013
3413
5638
5644
397
4611
7439
836
3981
1976
7119
4039
1977
1710
6329
4472
9362
7317
871
7478
1486
9594
656
202
9432
7556
5993
6592
4003
3573
7171
593
7532
5441
138
4368
1211
4254
3531
3744
6085
9964
4769
9771
408
2728
1834
9528
6318
979
7497
4159
9092
1307
6914
6744
4532
2039
621
7146
2380
5256
7308
170
9903
6421
1343
825
2735
670
3029
8918
6216
1758
4203
4316
778
7024
932
1219
6431
2796
9316
7818
9350
9128
4954
9503
8067
4653
8910
2579
2322
7907
6300
1092
6416
7256
2362
9600
360
9173
8818
7073
9644
6481
5025
748
9384
5830
7771
774
9519
5664
4635
9319
1553
6458
5449
8438
4179
65
4969
1523
4727
4699
8739
7934
7683
7911
93
9180
2962
3208
8595
8434
9099
1295
1189
720
2197
4708
9342
8889
8705
3294
1362
5681
5035
4730
6915
6668
8862
7470
6798
3190
5475
5881
2056
4581
2648
6236
5038
4165
750
4304
5730
1770
6123
5837
7534
6618
4062
3846
3873
2486
8927
5988
2171
1350
1953
6793
7178
8300
3239
5225
4605
5377
5594
383
4382
9649
4596
2740
1762
8810
9515
1665
9387
7506
8561
7511
5620
2200
7436
6598
5314
8909
6594
9945
5367
1910
3369
413
9696
5708
3743
1950
3757
1140
2248
896
1040
8974
7326
6947
6165
1830
6423
7473
7698
5322
3769
6381
6894
5265
7524
1020
1618
2229
1562
71
8167
1782
4860
9947
6110
5580
6064
9811
1577
7390
8425
4968
4495
7959
1043
5303
9703
5959
2435
7261
1876
4056
4795
2497
2203
274
9469
8222
7769
6310
1887
9178
9206
3551
3620
96
1332
445
8622
724
5808
3806
3692
6107
4105
2898
8493
6413
4015
1483
8062
8521
519
9009
2545
3763
5206
2995
4885
1076
917
3798
8843
8634
5707
9570
6279
585
1933
8740
3486
8414
341
1199
2299
3424
7810
8937
5684
4031
3991
9188
3844
2804
8837
8964
9236
2605
8642
8120
1016
6562
2106
8554
2426
2623
4478
2861
9682
1223
8950
6256
8215
450
4242
3101
944
3070
7820
9916
8148
9678
1039
1825
1518
9312
6653
3702
8576
1507
818
4711
3581
814
7858
7528
331
5315
4752
2874
2978
2071
3926
6729
2773
4668
8845
7079
5922
7271
6611
7117
18
5268
1850
1840
5690
4004
625
9586
3336
5800
9439
712
6795
6284
6100
6470
7816
7877
6432
3996
8380
464
2670
1372
2024
9228
82
6906
7739
1491
1662
5697
9112
1342
7977
1595
5482
4637
9043
5460
3993
5752
4095
7950
924
9249
8040
3121
6185
2984
8670
2601
5531
9966
217
112
6607
7838
5874
5794
1084
1643
2705
9477
2
7103
6195
1026
548
8577
9576
6243
2871
4782
4839
843
1771
8145
3577
3521
8594
6273
5395
2182
5370
2227
2238
8640
1528
3585
9757
731
203
7573
1671
7766
3853
6746
7213
9765
646
721
224
1419
9035
1625
1085
8014
974
2489
3820
882
8207
1542
1297
3860
9379
6065
1998
8610
6115
1457
1208
4779
6859
1827
73
9513
6923
6797
5329
6984
9449
6469
889
5257
4996
6113
8749
3840
31
3063
6750
3054
744
2421
3460
3285
2724
4666
6332
4608
1906
8180
4399
9189
2610
8326
2849
7270
7822
3753
698
7558
1776
1287
6348
7610
4487
9108
9775
655
9215
264
5502
5888
2278
4046
3461
9857
5091
5275
1067
9637
6671
9509
8643
8700
4338
4093
8652
636
1660
3606
626
7749
952
1324
3368
1479
7445
229
3958
1975
109
1576
5678
2282
6274
2493
9554
960
5587
3060
6422
6009
6428
3892
8540
7399
972
3419
3421
8314
3618
4053
7960
2776
5114
84
6212
5523
2107
4114
7872
7608
2584
7195
5756
9680
7985
2439
4822
7747
2119
5911
4991
2273
2030
8503
3869
5252
7932
7736
228
7609
8650
7369
8557
1860
6810
5434
5527
3378
1775
4801
3193
1447
8372
6103
3772
639
5378
3962
1176
352
3075
8081
8018
1508
805
5495
9958
515
9200
8028
3094
7955
8096
2832
9340
6206
5958
4174
5984
1430
6476
2083
583
1192
3177
8147
6555
4189
4369
3107
1394
2297
9077
8914
7988
2972
4845
2263
7897
6251
4229
7299
5957
5677
9842
5676
835
2043
9912
5465
7062
7375
6385
4502
2922
2008
7404
325
9929
3127
4428
7673
6048
7403
9243
7671
2530
4914
9253
9480
7876
6987
9461
7098
1659
2018
3002
7438
6358
7443
9905
9156
1114
708
3406
7923
4785
4731
4391
562
8677
2908
5430
1436
4531
8209
7061
1929
2967
6246
6570
9874
6829
2965
430
7376
6311
4202
6617
5862
8605
1190
643
6414
4198
4729
6779
6092
4999
1990
7570
6946
9201
5834
3257
4033
458
1408
5872
3689
7148
6192
3755
9498
8501
619
4212
608
3089
5845
9735
4153
3049
6398
7480
4924
5783
3762
36
6849
5462
110
1600
8157
4135
7919
4953
6169
6397
3126
5760
2109
6628
9383
3362
4763
2228
1603
3684
802
2928
9746
3900
6549
4089
665
959
9926
3431
1353
6285
3416
2117
4821
1685
7520
3914
5454
5056
9532
9294
3426
6660
5213
6626
1988
6825
3446
3982
4923
2786
9541
3983
28
4922
5646
1348
5180
4418
6924
7914
2885
2335
9363
2251
9197
604
4405
660
9690
8416
4587
9101
3264
2399
1217
3011
8755
6702
1908
2260
4294
7836
5953
8671
4233
6651
414
6415
4052
7169
3343
9553
8787
5127
1130
4601
2026
2665
7899
8236
9487
272
6235
7030
7942
7997
7702
4719
2137
2339
853
8508
9867
5246
3793
9890
6121
5264
1519
8328
9075
4449
4714
8432
4931
9191
550
543
7719
9430
4506
3261
7536
174
9167
373
2343
1934
2337
5631
2174
3955
209
2650
9968
7170
7617
8990
7475
1070
7434
5313
773
6932
501
947
9974
4994
8653
5787
4110
555
612
3784
7051
3462
3961
6319
5586
407
3059
1755
8765
760
8951
2223
4064
9961
3490
4688
354
9826
6799
9204
4571
716
6544
5557
4270
3724
9176
7598
9720
7538
7584
8890
8947
9525
3484
106
5282
1315
6059
1700
3587
5016
419
2554
6232
5757
436
2717
3710
2110
1058
4868
4577
6912
4527
6566
344
6136
1022
7043
2017
3794
9055
5032
7398
9812
1891
2570
4720
2551
2732
8524
1768
2992
6902
888
3907
5431
2767
5174
7130
4451
5001
2404
6374
1345
8573
257
3652
9978
2809
7873
1587
8971
8183
8695
2465
5970
5243
5248
5763
8010
4054
87
4243
3661
6852
339
7319
6038
4696
9713
6551
2814
4867
255
3725
3022
5920
9939
5562
8146
754
5550
5199
7903
375
1049
7523
2512
69
7945
919
3677
6723
1329
9395
3542
2812
3791
3409
1581
4884
5012
9983
8825
9332
7625
7025
4077
2802
7515
8327
2747
1277
4392
1484
1527
2187
8325
8651
3214
1851
9226
6857
9880
1235
9940
6720
500
6890
9
8885
3911
4050
342
7629
1438
2164
101
8506
2102
2989
5615
1923
5917
2678
2966
8724
491
1088
4621
4213
9247
449
9323
3832
765
4956
785
9748
6540
2723
5700
3455
4432
9085
2964
7220
4199
9026
6691
880
8849
3116
6343
4648
3005
8842
8030
580
4008
1699
9530
1951
1884
9373
7086
9951
8775
5565
5689
5723
4800
6679
3034
9616
9335
8381
2180
6456
741
5324
8313
1642
8259
7037
8188
1648
6290
711
9231
9888
9537
8511
3590
5762
1304
5575
9962
8580
8450
5980
4764
3200
8699
7958
6140
1823
9420
7049
9728
7331
8462
4583
3417
9692
3601
3895
4859
1310
3097
5871
3109
3245
8443
3418
5849
347
796
8861
2405
1137
6454
3268
6764
2355
8794
2230
5937
9973
8178
8458
5790
4266
730
1401
2850
1050
6591
7905
689
3093
5915
5816
7179
193
2042
4480
875
4473
3943
4585
8015
8757
9641
1704
4377
44
7878
6974
5444
1635
1387
6953
5543
6684
1478
8426
2077
8360
3747
3683
2490
8564
9060
9708
308
2169
1080
5844
7400
538
5682
7099
2084
3600
738
512
1435
6637
9482
2143
1021
2905
7800
9307
1451
5553
2615
6731
4638
2795
3534
6455
9922
7346
1654
5513
461
2644
5767
3512
8182
9764
3505
2189
4604
3129
362
7121
7295
5840
5022
5336
4591
8352
8606
3883
494
8254
6732
25
184
8969
4082
3363
5748
6747
6222
6068
8776
3333
5489
1247
4654
7145
6755
912
6530
7033
4120
3994
950
6639
2382
1754
2725
6709
245
8663
4163
6680
1875
3966
6996
5203
6055
2012
7041
2374
5192
3393
719
5742
5997
298
9651
1902
4877
9042
7167
6716
8991
275
8741
2000
1596
4161
1560
9583
201
9714
6565
7371
6597
2466
8537
381
4217
3979
3010
431
743
8241
3553
8713
3761
8747
8029
9712
8877
8465
8310
4331
4535
2028
3298
7697
859
5838
5340
8923
5705
4586
2638
150
7176
9087
1678
4995
8292
8848
3207
2993
3465
2398
8549
136
7013
3027
9203
4979
2661
5438
5232
3364
6402
6677
438
9544
3434
8881
1255
4132
2181
2808
7763
6910
6073
6287
2379
5574
8534
6139
1803
4402
2672
6299
8339
3271
2614
5371
2134
849
7249
6292
638
8272
9991
9434
7535
5995
1361
2225
6028
9999
7948
6145
1841
2506
3746
2575
8221
9988
4888
1442
6939
2851
6783
166
8091
8860
9074
9163
3750
7464
9456
9109
5607
132
2015
544
495
4460
9100
1978
9960
6046
6951
2423
2946
4435
3014
1206
4410
2988
680
1082
8171
2742
7315
441
8047
2112
9924
5603
6704
1246
1404
9057
3561
9207
3314
1718
3372
1326
2602
846
4547
251
1904
5530
4913
9431
1291
3319
4500
9800
9875
2308
2412
4334
1014
5852
2853
7144
8712
5473
8477
60
7077
7386
4787
5177
2252
8895
7465
7135
3144
1338
6724
3491
7074
4121
3598
8491
1482
3970
6800
4687
9693
5052
2255
8754
1586
9290
8934
6872
7066
3809
4182
9303
9208
5895
9053
1275
2372
8726
2392
8007
2476
9008
8999
9987
2479
9514
8592
3077
7269
3639
7154
3629
7578
6410
9005
7918
359
7052
129
2375
3083
8156
6242
4771
3672
4362
6294
3225
7053
3522
5065
9444
3764
7275
8481
1336
2178
840
7906
6233
2919
5331
2883
7455
8413
8304
8417
3576
7293
898
7779
9019
9566
4305
394
1000
7306
7516
9606
9124
5009
2480
1788
8945
6056
5724
4379
546
9096
9295
8069
6827
4872
5778
8761
3712
2395
3708
8708
2192
5153
6109
8384
7031
8295
9886
7961
2606
9593
2009
2879
502
4361
7411
838
4076
6438
7510
4811
2822
2953
9459
4919
1626
4987
9622
141
5166
3423
2930
3805
2156
3240
7974
8122
4051
7586
7064
9634
6539
2356
8065
674
5255
7345
9753
9783
1540
7571
4074
3882
1359
1889
3188
5933
273
2820
477
4549
9223
4268
3414
2826
3451
714
7364
4554
1538
8621
9884
403
2841
6777
4985
3269
8078
4874
4221
7196
5279
7539
2327
755
6291
5276
4195
581
1212
7028
3420
6705
4524
4932
4042
1514
7765
3084
8598
6649
2115
6936
5492
985
4559
4317
8159
6804
2427
780
3057
6831
9490
6441
1201
8839
7488
4011
7246
6199
4534
4808
76
1926
2105
5973
569
5668
1489
5570
3086
3875
2715
784
6125
5045
2510
3881
8181
7976
8942
3274
2167
2542
4457
4380
1141
4624
545
2213
1143
7487
3859
6516
5669
6756
5484
3890
8515
7582
6708
9491
1972
3569
8192
4684
4069
2170
3903
2422
2781
9704
100
7889
4292
1582
7402
1459
6659
3159
176
9305
4190
4683
9437
8492
2902
3609
2352
3448
4257
1371
7939
3910
4584
5590
4921
1663
6900
8135
4658
7619
1917
409
9120
1481
4130
3594
5119
6220
3776
1107
5832
8543
1089
8955
6249
6988
2448
2918
8329
663
2869
4475
81
2923
5171
1517
5095
4030
8829
4606
8579
6669
5362
481
5307
85
864
3432
658
7624
8619
7937
3312
4018
4990
4575
2209
4249
8160
9843
7756
9864
5158
262
4239
7966
3502
1415
5851
5254
8212
5863
4812
8045
3950
1059
5848
7613
7251
4856
9371
9137
2998
8659
17
6477
7184
4832
7023
9267
7741
1563
3367
8902
8762
3984
3887
3317
4047
2830
5885
4096
1900
801
5224
3357
3402
2487
9868
1147
3300
1229
9661
8531
4309
216
5030
2731
9165
2880
6748
5280
7147
70
7329
9739
5047
1068
3967
2298
6459
7441
320
5312
1696
4255
6466
4804
7225
22
5176
8817
2535
7518
5185
715
63
4681
8899
6968
4171
7908
4503
4513
3394
1647
6778
2924
976
1962
6561
3626
2294
145
5165
7247
9134
1533
7156
7799
4911
399
2726
7921
4327
537
5595
4689
8136
9462
6047
9440
6095
323
968
8929
6767
812
1163
2420
5428
3611
3975
2473
8349
8510
6873
6196
5085
497
895
2135
1259
3447
8273
9839
9033
8076
3957
2313
6042
3459
1844
4748
1492
7793
8730
2312
4685
2839
9993
5999
5659
4680
3998
3778
832
1460
1509
5209
551
6578
8781
1340
6950
7554
4742
5805
841
7748
9121
8989
9483
1126
6345
2531
736
5526
6513
190
77
3158
9706
7768
68
8063
542
6980
690
1886
3501
6545
6089
4167
5451
5663
7141
2642
9177
7530
8131
307
1144
3033
3120
4244
9411
9417
3931
5713
3686
2250
8490
5887
3039
5786
1149
9518
5105
2184
6926
5745
4850
8907
181
3085
9721
2677
4118
7040
1406
1322
2971
2636
7690
3390
8440
9909
8046
9497
2050
5537
4021
9286
4943
9866
4791
5831
6811
7002
9113
6593
4097
9625
6001
7157
9130
6944
4798
5569
4133
9546
8485
6043
8727
7155
7337
244
7867
4155
6252
4679
3623
7667
4816
9855
4371
7151
7104
8274
9893
7684
3889
3437
7175
5968
5295
6782
1901
9784
3441
7569
7936
9726
8359
2552
2417
7574
5334
377
9413
1591
6468
9610
2491
6039
7494
6127
1936
7622
1550
8597
6168
8378
5825
3435
6380
6283
6333
1069
9011
2517
4869
4917
487
2268
8518
4128
1638
2572
1384
6784
2578
1872
6588
1785
6037
7107
4016
3354
5386
1973
2714
4984
7388
1162
8736
1335
2053
1592
1970
3453
2468
6054
1575
3524
9049
1046
554
9891
1676
6162
9166
4201
2949
5701
2829
5429
6013
673
5160
5474
9289
5216
4710
1574
2688
2144
6439
6791
2291
2057
2287
9910
3220
5407
5084
7893
32
5956
8685
1196
3148
5311
3334
4751
682
8570
865
7904
9862
9475
2044
8075
911
936
3666
9415
4774
9337
9427
252
3880
2733
5221
6726
258
9170
8943
6498
8693
9302
8675
4618
8546
7986
6312
5820
7294
8891
6034
9225
792
8857
9615
9938
2400
6547
5518
2430
4400
1352
2381
5164
9132
4001
8558
6805
3864
7928
2396
2977
894
2454
7850
983
8461
7245
3508
733
2942
437
6030
5656
1138
5494
2196
5390
1713
1100
8398
6505
9212
4819
8590
351
586
6077
1302
6473
1465
3494
2787
8767
9995
1907
7915
4310
2690
6678
3306
7181
7234
8809
9808
1410
9306
2455
6304
5244
6066
370
5691
6082
6419
2975
2387
4113
1052
988
3518
2825
4548
2344
7550
524
5005
1156
1312
1202
3058
5771
6387
1047
2933
916
2948
5415
2794
7611
6781
8631
9022
6368
9996
4398
5675
6264
5458
6189
9547
9672
9450
7603
2540
8527
6823
8123
8840
6122
5524
4982
6622
1007
5145
5662
1239
7253
1505
2060
231
809
2509
3153
1946
2306
3182
659
8868
2149
5228
3535
8074
8187
9652
4574
5348
6033
5792
8052
9602
1506
5075
9080
4184
1558
8664
1280
2937
4690
4374
9097
6940
3071
3206
3960
374
4796
3031
8522
8604
8199
8054
1724
5393
4453
2058
1632
3986
9195
718
4224
3740
1726
9632
8382
191
2813
795
3168
8370
9492
5201
883
1858
4284
3380
3648
539
3289
9524
7846
6989
4948
1863
3897
7468
8552
3050
6298
5551
5345
3428
8674
6650
6460
8418
2866
6179
9932
5200
8013
5843
8144
5753
2658
6870
5892
5952
8423
5813
5067
8357
9343
3231
5245
9115
7782
6090
1425
1400
6641
9984
489
3533
1125
8682
1234
3877
8835
9850
8870
4855
9338
1601
4692
6218
3871
8189
4590
9394
7772
1935
7920
1131
816
6131
4857
8118
4422
8375
7592
6019
9301
3543
1725
3442
6250
9277
8967
6546
3180
3886
8799
5552
6396
1885
1798
5238
5642
9873
8389
7655
6737
4700
2062
9870
3863
1393
5338
822
4216
1698
679
4703
1616
558
1159
3251
973
5135
3035
4476
3229
4483
6149
9970
852
7759
5130
2153
6866
997
2649
3199
3673
9300
7685
6700
4525
1547
5683
4516
1727
7564
486
8844
7283
7829
3471
9039
9140
7607
6666
9737
768
3503
6418
7597
4101
8872
6323
2121
5235
3737
214
1957
4546
3375
5170
7414
2453
8373
9284
4825
6656
296
8267
7826
2912
4497
9421
5814
9116
5278
6051
4301
3678
7208
9493
7728
3767
3478
1744
3216
9198
8742
1244
2887
4436
722
1697
6721
9024
8529
7018
3901
4100
4445
2467
1
7333
1784
115
606
1093
2594
380
9604
1764
7565
9658
9965
2654
1571
1913
7498
6518
775
5381
3800
3935
1097
7095
942
86
662
8720
6365
6610
5720
8760
127
9369
5133
7943
8517
7612
9670
358
8575
2685
4620
815
8322
1938
1814
4252
9476
5962
367
5346
5304
1395
2061
6350
1011
3356
767
5053
435
1949
4632
2075
2345
5877
6429
8016
2007
3344
5547
4152
1954
2267
3366
7008
5140
9237
5882
5766
4194
75
4887
3350
9357
7309
9820
3658
346
5555
1864
9665
7983
4951
8105
4768
8940
4903
9914
5120
886
1919
5019
902
8127
9832
9597
293
7190
9271
647
7274
5339
7424
6528
2001
6663
9722
3291
2844
520
9561
523
2974
185
8142
3248
3796
3948
6931
4272
7965
6895
1471
6510
6560
4210
8152
6600
1346
6841
7173
8988
949
6916
8470
3574
666
6635
6524
4138
1969
5267
532
2066
4147
6217
3445
7791
4705
240
2080
4891
4356
2514
791
9763
2698
6901
4137
7163
622
4066
8168
2035
4838
2445
4949
4773
7396
2231
9507
863
6707
276
2640
4662
5490
6603
4041
1712
6817
9582
5347
6204
5041
169
6687
2469
3064
6961
8833
7874
7097
316
9150
7273
2604
5940
1127
1468
928
9631
1843
1087
8548
8782
2348
7753
7987
1327
781
1354
9414
2774
7764
5423
2415
4261
7302
5269
6403
1195
6268
3700
2907
5788
782
160
7116
8855
3324
8103
4907
7047
4081
4849
6108
4019
2305
5793
7522
204
1898
931
5672
1852
6080
7298
8769
4170
2793
2233
4318
6846
6624
1739
8343
2843
4289
5824
4367
8961
6219
2914
8836
9794
6935
5187
6765
7223
1292
8756
7513
5894
12
6838
3552
9688
2157
9205
2158
8853
447
27
3358
8922
653
1693
503
9858
6344
2624
3137
9638
2316
2667
4248
5162
9500
4150
6696
9065
3211
5021
1994
311
9727
5356
6615
421
8218
9175
5579
9971
9262
8596
1570
3789
8411
547
5188
5929
9989
6244
7476
6288
1417
9701
8003
5534
1609
8550
8645
5408
2713
5159
1135
8341
5733
6990
4320
7735
4959
4333
4879
4678
1205
7790
3133
4477
5926
8886
4665
6514
3745
4963
5453
4232
4544
7605
7290
6999
8982
6326
5869
3790
9512
7844
8364
5062
7210
8104
6665
934
306
571
2006
5399
4087
4538
200
6379
3430
7075
9669
2063
5927
7839
5488
2833
8342
7342
111
2055
5031
4628
9187
4323
1123
8436
7916
7758
9448
2980
6743
4067
6821
4789
8473
7817
702
1607
7549
3391
1991
6004
246
5011
4930
6869
7972
4148
2527
3091
7442
8311
6070
8202
3646
4889
6710
5886
8246
2944
649
3862
9451
1286
9847
6550
1062
870
1971
1790
8396
3717
5403
5319
7860
4619
6347
1228
2130
4023
6998
582
588
2682
5924
6018
4715
6985
3765
8827
5796
4348
6008
61
5036
5921
7670
5147
1257
4566
9876
5351
2560
696
4347
8277
8089
901
7825
9329
507
4465
1751
7507
5797
8655
9821
8126
5289
2752
8683
1931
5809
7143
2397
6227
2607
3867
8000
3688
8235
8512
4098
1859
3371
4241
1792
4937
1515
6286
8483
6537
8166
8033
8048
6306
1651
3143
1231
1997
9653
5330
1732
8613
9975
356
2303
3568
105
8395
3305
2626
8457
3024
3327
7240
4414
1610
4083
3715
99
213
7949
2266
4910
594
212
4088
704
2402
8876
9904
7924
3134
4830
2961
3468
3836
8911
2099
7132
2645
9397
7029
5297
4630
5680
4407
5398
2875
3351
2138
6301
2997
6954
471
3473
4351
584
6599
8802
623
509
6589
3845
3593
6605
6886
5624
4049
2519
6152
2019
3917
3079
3326
9027
8935
6789
3671
7947
528
2529
2221
4523
8435
3123
9149
1119
1207
7881
5785
766
706
1794
4297
739
9007
2429
2148
5163
476
6977
7496
1686
5099
8854
2586
5652
8437
5858
9923
314
3857
2805
3941
9718
3607
7795
5738
9798
2172
130
8302
6071
6193
5102
695
6596
9222
7553
7172
9278
8057
139
5983
3337
8064
995
26
8279
9749
3466
8780
751
4899
4413
9443
1251
923
5715
9717
1422
1122
6976
4280
8408
7672
4682
7709
5865
8691
4028
9642
3879
3621
4274
4739
5611
303
5445
6638
8992
590
2532
5554
8194
5051
9143
2970
7340
195
860
3056
4227
1621
1293
6855
3640
7751
3311
3482
3675
5260
3631
2646
3323
2973
3292
2846
4441
4219
2548
5925
4012
9841
4609
7963
6645
759
8320
2113
6698
7384
4675
3604
1512
8130
6322
7730
6673
6158
7415
4300
5457
159
2729
6450
9196
4267
6531
2098
4196
163
7332
2261
9609
9051
1360
9578
5546
9265
8223
8424
4160
2979
8149
3042
2323
3389
4950
5418
4245
6207
8821
2147
6822
4288
2647
2515
5511
8431
5572
9224
6317
3780
5833
9744
4864
6201
6752
2764
3036
3405
1066
3470
8024
8925
6922
5039
5191
4131
5121
9089
6965
5230
6351
9992
9174
5013
1260
6662
8798
8745
6973
7954
567
1337
3398
2463
5880
692
6442
5943
5157
5627
4311
3605
6963
1282
833
7068
8355
3781
2827
2722
4375
1731
9556
4671
1178
5857
2792
5079
9901
455
194
2162
1032
1463
5070
8983
6181
9422
5205
2280
591
5657
3842
965
8371
7189
1510
1783
7789
3384
8523
5605
2749
7469
786
1013
9136
1095
4677
572
119
9418
4303
2783
7048
4308
7254
2349
5946
7892
7567
5308
8647
4352
2695
6475
9796
9674
7182
6754
5591
3221
3328
891
1979
3816
9840
1614
6802
1424
8912
5737
1099
618
7459
2577
4810
4332
422
8498
5103
6335
7109
1779
3657
7362
4938
4119
5827
1837
5263
4396
9061
6032
4366
747
2074
5567
6497
2865
8932
6776
4122
9210
6161
443
8823
4209
7521
6854
5732
5916
5998
1274
4550
5332
2746
46
6099
8668
5241
3580
9162
3201
4481
5247
8779
8134
3664
7883
9391
6959
8995
628
8738
472
7854
2364
8611
4283
8701
955
9385
854
4612
7514
6818
7349
6180
297
5859
9779
2438
3279
1174
4025
3525
8412
7658
1745
2003
1708
1454
410
513
1966
1485
7994
2424
9399
819
2582
3669
1911
1392
9691
561
4966
6353
7641
4446
3162
2264
9835
6263
5907
6129
1053
4732
8140
6654
2595
7197
9685
2459
2981
1867
368
1429
5042
3934
5068
7138
425
400
2807
9464
4393
4702
147
6278
939
4471
8315
9982
4570
6888
7312
4718
8224
4146
9333
831
235
2828
4552
9837
3286
7467
2632
2025
3821
1516
4355
6025
8687
8666
5702
7187
6271
4935
280
8468
226
9377
2218
1611
2481
2079
9218
600
4154
1942
602
4707
2743
8410
2583
4427
856
1974
7560
8812
9380
5622
6352
7913
5519
1103
8401
7010
3739
2314
1475
7990
4912
522
6142
7310
3619
9154
9869
5375
2067
3124
7696
4918
3045
220
8092
5281
1074
6967
6583
5446
3588
6571
6808
2596
2190
5801
7746
2895
4273
3597
5902
7457
1003
3562
4425
7964
2127
1175
312
7341
620
8788
607
7460
6357
1545
3558
5139
6270
6443
3706
8079
6889
1210
633
8298
8883
8150
788
4824
1564
3052
4614
8926
9374
7205
1370
8351
2301
3893
2281
1391
5137
3498
9559
4145
7447
1184
984
823
9810
3316
700
9738
3855
9479
9348
4112
4772
6098
4489
5384
6913
2394
452
5942
8772
7377
8217
6463
173
2900
3203
4652
2419
379
9326
4144
9020
2391
1861
1637
3090
8037
4319
9976
8041
4124
8618
4186
2683
478
336
21
8644
1868
327
596
7250
3155
5703
6147
1987
8936
9322
6488
4490
9424
4421
6885
9272
9505
3217
7482
4759
740
7718
7435
7395
753
8044
4455
5033
4530
6949
5823
807
8795
7351
281
3665
9751
8494
6735
10000
8733
3938
4716
4958
1820
4989
4068
5910
1423
9314
3841
6265
5815
6035
9943
5194
8689
5643
8109
1134
6097
6130
7168
6446
7012
6850
9220
4757
7120
3204
7815
2603
4998
4909
9896
1566
2959
7276
7200
2768
1848
1433
4626
5514
6091
1341
8637
9059
1707
5310
7568
3046
3782
6722
3927
5202
3643
5923
4269
3361
2151
4905
7652
9942
2038
4365
3870
5755
7139
5977
2817
1629
630
6159
7161
9407
6883
5333
6772
3667
6434
7979
534
8556
7996
4364
1476
9283
5836
8288
5059
2300
7262
3807
7291
2145
9361
7798
2609
557
3283
9360
8869
282
7228
1441
34
4043
5197
1034
2616
2431
8600
1955
9002
9633
2757
8216
6405
5982
1811
4975
470
7666
2897
4974
1256
7027
9619
2639
2704
4901
1173
3142
5456
8567
533
8822
2568
5401
8285
4390
5123
8374
7350
1880
5909
7406
2159
8405
4423
5124
1877
6867
3481
6652
8098
2600
3332
6836
223
8692
6257
4123
3234
4079
3360
2016
8415
8748
4603
9611
3513
5596
3115
9624
8547
2694
6275
6882
9310
4433
6858
756
116
324
418
3349
9636
3320
793
5935
6176
5184
9327
1106
6553
2470
1804
6394
393
4651
2593
5126
9591
1801
8623
7922
9852
5538
8093
6693
3041
1878
7551
3685
3586
3236
7640
2763
2152
5841
6730
164
4078
4296
4766
7327
4900
6079
872
8587
847
8880
5240
6209
7092
1719
881
8656
6211
9657
8454
6174
7626
4336
1285
9828
5517
5325
7767
1613
2868
6860
8520
5564
5990
1928
1539
5432
6919
3407
5365
5835
4263
3048
1036
8019
2963
969
9458
7579
8639
806
5901
3096
7356
2065
2888
5576
340
5561
9142
5155
8227
3940
6224
5288
5706
4291
7133
8107
3638
8036
5951
7078
2569
6375
5505
1428
2854
1656
5719
5635
8532
1541
5751
3004
9375
6878
7760
4760
7727
4065
8471
318
4511
9199
6026
8469
9050
3102
1181
564
661
4055
1579
9044
3128
3559
3422
826
3676
2317
1249
3125
7288
9761
7188
1397
3923
3235
8717
4661
6695
9683
8297
5443
9468
8514
6807
3802
5661
1965
2249
5422
8771
6556
6699
8582
1498
9833
5780
8601
6137
7122
4302
6126
6725
1821
5069
7714
386
2140
4151
294
417
3641
4642
7946
4697
6002
3530
3209
4514
2406
4735
6843
2239
8973
5073
1624
7674
7784
3637
8968
2444
746
8758
2034
6763
613
1799
4978
468
9998
5525
4419
4040
7495
6970
463
8035
9045
9709
9777
5497
9036
7202
7563
9256
6261
8586
9997
5560
8124
9023
8085
9103
2265
1759
2706
5768
3335
5650
5955
2029
7604
8039
8252
4965
9956
6356
3397
439
384
5774
3259
4633
6602
8624
7713
2857
7463
4691
453
527
4220
6862
7885
8790
8196
9920
1018
1037
7962
98
389
8565
8082
9152
7
2046
641
5996
597
89
2909
5679
5866
7981
3642
2994
6342
6956
8710
3795
8681
1620
7410
8228
1895
8262
6786
6538
1756
7796
1961
9263
5725
1556
3974
1248
7896
2092
7691
645
5007
4776
3818
123
1031
259
3247
4941
1042
8385
4555
6625
9830
192
7995
962
3108
6489
4231
3254
4960
2599
5782
4250
2150
1789
9605
3674
5510
5582
7973
1298
6853
2617
2059
310
9517
3068
6819
8442
6102
8110
8331
5573
8864
9488
2088
1584
2791
1111
2183
345
7653
7046
7347
6943
2881
6076
1706
3213
7466
3823
885
2226
385
3464
2779
390
9402
41
3373
4817
9467
8879
7194
6492
2753
391
149
8475
2215
729
488
5842
8719
1630
1796
7226
7016
617
7808
7519
8997
1164
4104
4866
3614
7222
5208
9003
2755
2358
4876
9946
7112
7108
3103
5545
8495
6905
8291
4484
6384
1535
8362
4259
6630
2094
6948
9410
3592
2840
7201
669
4980
9729
1692
1296
5417
4315
5890
7762
1148
3265
684
8956
338
5972
5087
122
1594
9339
6163
9501
6164
4447
5578
7547
2878
2574
5402
7618
6613
2104
157
8507
1314
5879
3237
7314
8318
5731
7639
3612
51
4117
9588
2598
808
4197
2350
9179
5055
9596
3946
6430
9161
3081
5168
4430
6293
304
9668
6891
1795
1309
1094
6373
6908
2921
2232
167
2567
4106
7830
7602
2927
2484
7880
1017
7778
9345
9366
2741
1921
3379
1806
3663
3949
6801
7686
7323
3707
3038
9838
9248
2762
7430
5614
7645
2867
448
3205
5781
9902
3575
5480
8599
3171
2432
2108
8920
4563
4109
5080
8626
1179
5178
2336
7929
4743
6166
7935
2311
635
4695
5966
4717
921
7353
1750
8620
4650
208
735
2436
2040
8472
7723
5986
6407
9521
2929
9058
7450
3399
9623
7370
3719
5108
4384
4466
7003
7890
2401
2911
3436
7431
9814
2500
6529
9564
4048
1689
9317
8985
7692
3786
7999
4595
286
5784
269
1364
8589
9520
5341
8255
6875
9799
2124
1666
1944
7581
9489
1077
573
5413
1458
9083
2738
5939
3610
364
9694
3515
2285
7743
8533
9133
6519
7444
4115
6060
4622
2697
9040
8627
3956
4861
1749
5437
2086
8164
5054
5037
9088
4378
7864
4997
9548
1568
1213
7871
7848
1816
7775
7710
5109
2428
2076
7479
2414
1265
5601
1306
7363
9573
1702
1269
3578
6685
6445
4090
9612
5387
1001
9741
3720
7576
1038
3705
4616
4491
6907
1376
6155
5463
7620
5978
2945
3989
6266
5736
7215
6324
798
8696
3233
8155
2940
4915
6007
9129
8102
5074
4102
7192
343
7734
8201
3510
8487
529
33
8629
5559
8832
5496
7552
7090
5629
5729
971
1590
7446
227
3824
2744
1894
8994
2078
3617
1721
7886
4183
4578
215
1290
6966
234
535
5828
2442
2824
5179
15
5740
9504
7842
5251
6997
3999
1738
9260
301
8905
3583
6194
4456
6493
7898
4865
9788
9506
2214
8284
5277
5283
2777
2201
4908
3973
9531
8213
2410
7957
4847
3526
7177
4643
4631
7059
6339
6803
844
2720
4565
1186
6533
7137
5379
9601
6258
8612
2177
7545
2409
4797
2367
4406
3866
899
9659
5930
7401
7627
7590
9723
884
9318
951
2216
2557
6104
5698
2669
7662
6215
4063
5686
1317
7307
108
8419
9673
3884
4127
288
8220
7474
9093
3714
1588
9273
8231
677
4279
8387
7015
5233
8759
2072
295
5478
8774
6262
2507
9981
8099
9194
5856
7785
2341
9823
6479
1674
8299
4528
1426
3997
156
6814
249
5002
7882
9787
135
9135
9590
1409
9994
6962
4573
1334
74
4947
8165
8009
3861
8449
2002
6904
9359
4346
5231
3691
3660
7425
9803
2730
9217
3157
893
8406
2862
1197
7057
1853
9123
9628
8050
3238
6146
8247
1722
676
1261
4285
3596
7841
6658
7080
2522
4724
146
8486
5969
7642
2631
6173
7490
2770
9331
6214
906
1714
5544
6865
4295
8240
2585
152
172
1270
3302
1633
6327
6837
9288
5734
6911
800
7527
2082
2788
8249
8197
1631
7378
1377
4725
7537
2441
5181
7001
5633
9697
7665
2139
9261
2630
6809
2550
8766
5222
5096
5506
1709
4852
5414
5558
7562
9577
7100
688
5104
1650
5630
6276
5483
8031
5424
3284
2049
1734
3202
8979
8941
8321
454
8978
4936
9336
6515
9925
977
4330
3787
2198
9551
1102
5741
560
614
9485
4813
6495
1777
4207
3474
3212
5585
5592
5717
7596
4034
4045
2413
3163
7754
8571
3016
9816
7420
2920
3175
3262
3331
9859
3246
9354
1112
9853
603
9429
8132
9014
1305
6295
3742
7738
2938
3919
876
4359
6226
9398
7501
5291
7311
1546
7124
3170
7594
2447
291
7644
758
6893
4803
8986
3915
6681
1808
6267
4676
91
474
1191
2318
4434
570
7379
8444
7585
9038
8970
9760
6522
5806
9681
2821
7847
866
657
8051
3557
8625
4173
3191
7354
2022
3295
5217
654
9164
3905
7940
4602
1797
7185
3273
6918
155
2815
3630
4218
2750
1450
6503
1172
1365
742
9806
4539
3990
3299
5994
8958
7879
9048
1220
648
6144
2709
3933
9125
8271
2434
9046
5089
7648
4744
9899
5020
1996
7093
4698
254
7165
2592
1634
1281
6184
3851
9580
7389
9861
9603
7286
5050
1658
2996
7417
707
4820
6467
3894
2939
263
3627
3392
5660
5419
9747
9565
2368
717
2462
7087
8887
3315
7614
4507
9791
6526
9930
2253
7083
7007
1477
1679
7851
821
1866
1005
6608
9330
5991
9758
8038
4505
8723
7978
2652
1198
8678
8173
4745
1366
2797
1742
16
7006
1241
9898
7416
4262
7355
5363
4756
9707
1464
475
4223
382
9663
14
4386
6134
1398
4649
4556
5617
3006
8353
5382
8430
6171
4277
6879
2437
2370
6000
5908
4686
5195
4192
9831
1641
4777
1227
6903
5149
5860
7485
1967
4271
8066
7096
1833
9435
6616
1421
9928
1583
3779
8746
4508
6806
9325
990
817
4411
1766
4940
6044
6979
7593
4247
8959
629
5817
2737
1356
3032
7643
7019
3876
624
4625
50
2122
9269
8743
1048
6094
5272
1146
2097
2699
2492
8939
1675
4794
7623
9182
6027
5372
7278
7305
6864
6655
8280
3266
4560
1822
80
5639
1920
265
1752
2619
993
142
6020
3355
2703
945
1524
8068
4058
2934
5111
6150
5274
7285
8445
8608
6461
4180
8789
2800
5024
4286
9328
9270
9455
8175
1740
2284
7601
1673
3770
1349
2069
8095
6741
4674
9911
1467
5394
126
1194
9510
4246
8996
6740
4519
8348
5285
8673
6606
1182
7679
9679
4747
3730
4108
574
927
858
5309
6138
9889
2389
9254
4892
5641
357
1849
6714
9508
5812
5651
6482
11
4598
4840
1339
3977
2004
5420
1730
5789
6471
4983
4557
415
8363
3733
1496
2242
8112
4187
1344
8210
7595
7895
3404
283
4902
4952
5826
1723
7142
8831
7118
5214
4337
5608
5640
2384
6619
97
2668
4694
6289
1549
7020
650
376
9778
2656
505
4363
40
7621
4537
267
5897
9915
3352
5695
7970
8928
8559
39
3270
8330
1694
7368
4206
9522
1573
3165
8238
225
2701
8562
6567
6969
4561
6175
7555
1800
980
1273
8930
861
7472
5364
8226
3738
7577
1004
6484
2254
330
565
3019
3215
3756
6205
1411
6382
4139
8609
9438
1903
9969
329
7773
4829
186
3452
1838
4458
7361
531
3080
3831
7284
7930
3523
8949
8519
1943
7656
6061
6506
3412
4168
7628
3988
4044
1628
1683
7716
5975
8783
776
3450
9279
4740
4029
2508
2653
7221
7382
4354
4518
7866
4060
7875
4526
7264
8447
6337
1612
3835
2533
6942
5302
9555
6675
9836
5167
3572
2125
1690
2277
104
4906
4010
315
5353
4260
521
9732
1529
4564
2101
2684
8237
9299
4897
1899
3179
6182
7374
1983
1733
8008
2111
915
7140
6991
2070
3065
693
3603
317
1402
5632
8638
1980
4282
4157
2789
5435
4836
1532
6170
7211
8725
6933
4823
8185
6483
6636
1530
2376
6409
5847
3497
5979
1313
2842
3797
1810
7835
7385
9752
6525
6751
3232
363
6234
7076
9768
5602
9066
7391
5082
3613
57
5342
6728
4802
6230
1753
7461
1984
5234
9736
5807
9056
3113
2547
1128
7717
7481
6031
3506
56
9425
7952
6646
4136
7502
1717
6689
1981
7750
6713
687
3872
8186
1847
610
7503
8335
5010
9356
3752
820
8628
6749
9486
9854
4169
7458
6844
3396
94
1548
7797
3472
4208
3635
6087
3263
1657
6582
5093
3785
1166
8607
2891
4673
9511
8293
2208
8752
3076
4509
4234
2710
378
7451
9626
4663
8987
2114
6670
3634
4862
6706
2727
6203
125
9091
8513
8071
9378
4439
6792
9844
9386
9304
7755
5294
2123
6426
9047
4992
7437
8316
1470
1443
5804
3483
4499
1301
8585
7912
7884
799
3318
6307
4962
5931
6371
9535
4226
926
3429
9985
8900
5286
2403
8257
402
8377
6041
9949
3624
5118
2872
3964
6245
5759
8269
8903
8867
5566
2160
2243
1909
989
8027
9324
4129
290
5876
5452
5357
6757
2324
2245
369
1325
35
9141
7440
1250
5134
1855
6151
493
986
4793
4452
4007
4211
4185
9824
2048
6062
9731
1890
3469
4322
7805
1440
2272
6417
6063
8184
9719
4881
9076
9251
4667
3749
2023
8954
5868
929
1862
8296
3636
9575
7214
1743
8230
1136
1328
9102
9291
6899
803
1258
6228
117
5516
7887
9106
302
9285
9315
2165
3280
2890
8177
1606
1170
6362
7744
1437
9151
7343
6355
8980
1188
8258
4784
6254
9563
3827
837
7732
366
9070
3839
8233
3347
1589
810
6133
9931
459
8205
8569
2837
5906
412
6377
517
2498
1272
3012
4647
6237
6642
2204
1105
1905
9786
2207
9276
8026
2818
6135
9819
7421
8505
7693
9562
7542
1153
2045
3272
887
2711
9789
5504
7243
7129
9280
2090
7289
350
8874
4024
6156
261
8117
8888
8716
4022
137
3174
5647
8826
2259
2663
5207
6341
2521
1096
7715
6761
8034
2516
1333
465
2126
9980
8820
1992
6399
4788
5242
8721
353
6573
5515
427
2969
334
5116
3566
4786
3028
7114
5261
1263
6614
2558
8451
8878
8289
1561
1520
1593
3701
9452
5593
1525
4397
7255
3953
5699
6511
2893
996
7888
958
66
7082
4178
247
144
6769
3147
1279
1653
6897
5654
2499
4977
9599
6509
9863
511
7706
5714
9702
2326
6945
4467
2834
9781
2369
7721
95
6148
67
2748
2539
4381
1893
8433
8214
8242
2142
8709
6369
6629
632
9153
2485
1495
868
5803
9990
2622
1952
3944
6753
9742
9229
47
7153
2941
8803
4835
490
3132
1056
2760
1787
9309
5949
8334
1185
1585
6971
5637
6701
2835
7058
3290
1380
4567
5610
4594
1778
5017
8484
3467
3571
8239
2133
987
4761
7792
1578
8429
8100
3848
3830
1839
6015
5618
4099
8641
8630
6074
2847
1319
940
918
2037
5535
3713
7729
3066
8953
43
5374
2855
9453
5027
7149
7272
4986
2925
9919
1388
579
5769
651
7657
3156
2712
5470
4775
6543
4770
3043
8204
9793
7589
5060
5455
2559
5253
549
8309
482
7387
6632
5941
4920
1474
7812
3976
9105
5512
2790
8617
6308
1767
9445
1165
7394
8871
5369
6742
757
6569
3114
4783
6435
221
3218
9785
4967
2390
1772
1389
1636
2982
1639
8153
2408
3628
9266
6788
2095
3219
8704
266
3376
8649
8138
3550
8957
8392
2136
7557
1939
3599
6840
4424
2388
5588
6241
9447
4726
62
9252
8858
642
8563
8665
7235
4486
6083
2054
24
4373
3899
7661
9111
2848
4164
5335
207
3783
8593
1670
197
3183
6119
4644
6621
725
9114
3511
2571
3154
2526
5581
3325
7453
6672
578
2664
9805
4613
1363
5612
1009
5947
1747
869
9268
3670
9034
3253
4230
6909
8324
5148
5542
1403
9860
5048
937
3651
6834
6736
9298
1008
1681
5501
787
4828
2758
3517
3074
8528
8499
8229
5981
3278
9098
3544
9242
7237
9064
4853
3003
6391
6983
4993
9589
9660
8672
4944
9185
4426
2361
2383
5471
7191
8706
903
6221
182
2761
5540
3532
1445
7694
8536
6003
5193
6464
4721
3687
5776
5190
3287
8195
7660
5476
6898
1278
3227
7428
1773
761
3645
3496
2471
4831
1473
536
2563
930
5508
9086
9364
180
8129
1818
3197
6412
4409
991
1200
9321
8714
4162
3810
9221
3695
7452
4580
2068
9423
3313
9013
8584
5129
8574
9700
7380
3072
4181
8399
6210
8232
1109
1499
7834
1416
5182
1531
2347
3382
8917
3135
3037
1526
734
423
6832
9408
2943
804
3008
6408
8976
525
8530
6208
6774
1627
6633
8001
4469
3527
7477
4617
4395
1881
5861
8005
1857
5223
1682
3922
7599
2587
335
3932
8460
3160
1177
3811
2518
8397
3679
8735
236
171
7757
9344
1161
8006
9157
4440
278
4357
6958
4464
9934
1488
6120
5604
8502
131
3400
9110
5034
8703
9695
3244
1599
7419
703
8819
9078
3166
2461
2224
3370
3694
1741
9010
6634
999
3386
5971
9629
1243
3189
6609
9725
7427
8516
5481
8151
3546
5749
8578
7837
4084
6692
1927
7840
941
1061
8875
7044
1382
6964
1677
7373
8020
8636
2460
2718
1456
6564
4504
9138
5350
7229
3365
691
7106
4222
3187
8866
3947
1493
2315
8125
9571
4806
5318
1116
9320
7231
2176
4655
2458
6978
4656
8542
6595
1253
9465
7682
3703
3936
3751
6541
5619
1602
2241
5450
9716
9849
5211
7456
7032
102
8307
9646
634
6023
1511
4572
3009
1956
8011
873
6718
9478
3888
737
9032
9885
2860
7780
7267
637
981
3567
7127
2696
4134
8340
6623
2538
4582
3276
892
5092
58
4880
9677
3834
9782
3463
151
148
1918
8283
8128
8694
1836
6049
8646
4664
7968
3339
8661
6229
8908
8056
6280
5704
9882
6501
4734
7982
7634
8965
5383
1680
183
7668
3591
1559
9792
9031
3829
1982
1271
3023
2244
5344
8847
5063
9813
2360
7217
8190
5
5385
4444
9967
2146
8308
556
4383
9807
2766
6330
1623
9155
2955
9684
6688
205
6711
6620
9846
9900
7055
6993
3766
1098
3061
4926
2131
3013
7647
3449
1472
2831
2103
6868
4815
8768
7809
7352
8539
5583
5004
9471
8448
9376
5965
7787
7733
8873
1947
6272
4057
5904
7575
2330
9025
5905
7615
686
4175
5532
5533
9502
3164
9365
1829
7259
2565
4576
7216
4749
726
6719
8139
1883
5258
4894
1691
2772
3828
3549
2679
3130
9621
7324
2798
6734
7219
7162
8306
1081
2859
3504
8390
8566
219
5323
9400
9550
4340
9545
9959
5765
845
4307
7360
8688
8474
8846
3570
9446
401
158
9481
6738
6187
8391
6191
5298
5571
5088
7279
6576
6321
3541
3309
6568
2488
7591
1664
4588
5479
7824
9913
8828
6255
8206
2666
5173
103
5775
672
5891
9733
8198
8169
4741
1318
7159
6186
1115
4646
9643
6167
2333
5687
9016
8366
4438
4264
2687
4610
8734
5648
2780
5427
6694
1230
8211
2210
210
9568
9401
9538
3388
2573
1870
271
7433
5945
8261
8012
4672
5392
2983
794
4442
1892
3293
5477
3433
3812
3633
4873
1809
1761
4765
615
9689
5645
5006
8588
6485
8581
7381
7065
5249
5584
3854
4496
8904
7035
1118
8294
5049
5072
3152
1940
4754
2999
8715
8290
7491
2651
7448
3659
9827
9608
2721
7318
2765
5898
9147
7183
8975
6447
1941
5352
4429
5229
2073
4945
2660
8446
2561
8897
7588
4376
4468
277
9433
3329
3018
3099
6712
4767
3804
9574
8441
9183
3896
5316
1225
4972
5057
3817
5266
7070
998
3838
9647
7680
1044
7689
553
3288
2816
9933
7783
4934
2700
4005
3952
2702
6444
8806
3978
3454
8094
3495
1765
6017
7852
4258
3181
187
9341
9654
3062
609
9090
6260
7566
3
2556
2293
2325
5773
575
4746
4072
1431
7408
1396
7152
1925
6577
7869
154
1331
8179
1649
4116
1010
9351
1888
8684
3847
5665
7236
7244
5122
5634
5380
975
4607
4205
3026
6072
855
4669
2525
518
2549
1357
6114
7646
9388
9734
9671
1203
4454
4191
4657
1701
9872
6833
5694
5284
4353
7650
9094
5878
1268
2680
9233
2950
1748
7038
9662
9883
1015
8805
5468
1284
9029
2806
9238
2534
3538
2876
8225
1544
9710
2483
2494
3438
2378
6281
9126
405
7831
6839
4981
9146
6925
5655
8676
5853
8301
3051
8551
7687
5026
1232
8751
79
1002
4412
1869
6768
3458
5292
4238
2407
1072
9355
1780
9131
3693
434
2778
6995
910
3754
6118
5426
7102
1879
4240
2206
6813
6069
7529
4459
9063
371
143
1288
9906
3647
6160
4020
8865
7843
7193
1142
162
4558
4125
6661
4827
3141
3303
7910
7708
3345
1183
4488
576
6876
7933
8234
6200
5144
1051
6921
4075
3040
6534
953
3210
9030
3499
2882
4844
8981
1896
3485
6785
8732
5236
1569
6316
4349
237
3440
6739
7926
4925
2501
7260
2020
7357
8113
6824
752
9081
9071
830
3172
3169
5822
7861
7712
3668
8545
3565
7500
7989
7280
4
4111
5798
4463
6197
9412
9213
3258
3100
563
7206
2546
2659
862
8268
9715
5503
7770
1233
9122
8850
9144
8143
9745
7492
4728
5870
566
2286
2031
6045
7409
8032
496
1555
8333
4177
4738
7802
9856
395
4492
1826
1414
4737
5563
7034
7198
9246
4344
2288
8680
1501
3047
4193
2608
2093
2100
8791
7664
7131
1937
6572
416
7150
4420
4073
9667
361
4026
7123
9015
1497
2576
7050
667
3615
6563
5354
442
1622
8834
7517
2951
2901
6496
8383
457
9416
9352
3654
5023
4645
5961
8778
7870
2954
2960
8111
7819
1321
2520
7233
5846
5974
839
6975
456
5440
1012
5100
1922
5131
8560
8303
7813
7541
3082
8
6981
7063
1320
2320
5271
7232
1221
4955
967
1746
2716
1960
8422
6508
7699
6011
2580
7853
8087
3736
8407
6881
3731
5819
5722
483
4792
8344
2202
9406
2754
1030
2222
7944
6627
9018
1023
6202
8478
19
9259
8347
9079
2870
3001
2627
5046
7054
4512
5913
762
1439
9495
1995
1521
2331
4071
3185
7316
1502
2935
8108
4736
8428
4589
30
4814
2393
3537
8482
4858
7022
4659
4762
4878
829
1652
7301
6773
6504
599
8711
1449
9457
8686
4895
3106
5903
1374
1358
8946
6086
6223
5115
9368
349
8084
3444
1661
4600
2496
8814
2771
9762
460
5301
1294
8059
7313
8998
6128
2021
7483
7359
4329
2179
9705
1236
5893
133
1368
9897
7725
1871
4443
8427
8049
8270
8456
3680
5728
3136
8163
9428
3475
9257
8453
9241
2085
8400
1832
3711
3439
8404
9655
8287
9069
2864
4733
7325
8921
8208
5597
6248
4893
4701
3194
8256
3348
2310
8697
5726
8838
769
426
4091
7600
9426
8591
850
2247
4236
199
8801
6601
6575
90
7405
5499
4014
8402
8388
9240
9052
7266
5210
387
1791
3760
241
9258
6941
7742
2628
7703
6952
9171
2418
9145
1705
5498
6269
4542
411
7180
1711
7776
2513
6499
8101
2328
2915
8250
9526
1316
2524
7533
9184
4540
5539
9169
4298
8728
4485
5541
2334
3995
8737
6682
72
9392
7365
7649
3826
8286
5744
7493
1672
5132
914
1151
4520
4448
1453
710
6420
9293
7863
233
9367
2425
13
3196
6657
3662
1222
7367
2262
1444
1964
1824
5658
2838
1534
9773
9186
8824
4470
5599
5932
1412
3277
5963
2236
7462
3971
7637
9986
2354
4841
8455
2913
3799
857
4904
6780
1805
9675
8851
479
7606
4515
7321
3145
429
9952
5938
2899
4640
8119
9527
2947
8023
6277
6715
4623
2173
8722
5948
8265
3632
3803
1522
8496
4166
2478
3801
4541
6012
4403
4017
1684
7300
3912
3516
2440
299
7631
8162
770
2904
640
8467
4228
8707
6861
8896
3488
5040
5754
8248
8813
9274
925
1985
107
1045
7212
9275
506
5521
6088
9640
1959
6815
851
6462
2128
6647
2505
3906
398
1897
1041
3520
2495
5864
3015
6315
2896
6178
6453
2309
4551
9754
6053
9755
1060
2319
4805
5750
7071
8346
8409
5989
504
1504
4494
3230
8568
9068
260
9001
7832
9743
4215
3192
1224
6014
1703
8777
6759
4871
392
5509
8086
8115
7224
8614
6314
1963
8319
3228
1083
6406
789
3775
1605
7199
6771
3850
3858
1160
1817
2013
1494
9598
1218
4896
6955
3053
7975
1386
9082
6247
6395
9759
8263
5829
1418
7429
8317
6376
3307
3487
4387
598
3825
3904
5472
8497
5459
7335
7998
6557
7580
9017
1065
6558
6727
6880
2041
6190
4660
2674
3968
9809
8368
8466
2220
5746
9396
878
4593
2528
5556
4479
4916
727
3456
8535
9769
2295
4693
9313
285
5106
3699
946
3069
2258
9202
1237
5442
7786
1157
957
2357
4854
7894
3087
1930
2597
5287
4143
9281
2472
3242
6067
8154
5589
2823
2351
8583
5154
9845
7546
3223
694
37
7828
3149
4094
2279
616
964
6050
8924
7927
48
5522
3774
2475
9390
473
4939
7297
1567
8744
2553
6490
2385
8394
8312
3729
2219
2858
3704
6320
2416
7105
908
4809
4350
5061
4863
9463
9311
92
7849
8358
8219
88
3564
6927
1655
7304
1024
5113
1019
4314
9802
3322
7504
328
2036
5548
6177
4038
1110
9921
6587
9282
1728
2482
7951
9084
1254
4898
3509
462
7720
5914
238
2269
783
3275
5944
7085
9041
1132
3656
9148
9607
4639
1369
6198
1598
1802
6640
8253
5992
8797
6787
8816
992
2332
6132
1882
7695
9895
3748
1152
1720
7544
3584
6172
772
7136
469
8553
5883
9211
7339
5226
6520
2386
5388
3622
5764
516
6334
797
5772
7745
7931
2673
2686
5799
7856
8088
6328
6372
611
9627
1715
3814
897
161
6449
4401
4629
7740
121
1448
1608
7857
6367
2270
2655
5219
8004
3030
6733
4358
3732
3243
5227
4973
5125
6690
424
9766
9972
53
5896
1617
1145
6425
1033
8061
6548
3055
9117
2161
3044
6820
9393
8176
1757
2010
3837
1856
7925
2590
6585
2443
6766
4149
9454
5090
9536
3929
678
5078
8080
9119
4299
9770
6474
2511
3330
7207
2154
7971
480
5058
433
3178
8972
5491
7242
6848
2052
6105
4324
8480
3479
5758
6542
52
4961
6517
332
3696
7336
3589
8090
4335
1385
1932
3383
5112
5811
5613
8984
3773
9012
8784
5464
7489
7956
6111
3020
2541
1267
2751
5262
5685
7984
38
1113
4568
7265
3916
7676
8275
7125
2199
8191
3902
242
4290
8439
1215
6393
1168
250
5081
1167
685
3252
7004
6887
1729
9542
1187
4293
9817
4339
6360
5396
3579
2452
2564
7543
9372
7803
5083
9403
1807
6401
388
279
6302
9037
7218
4522
9219
9560
8960
5071
5447
7166
5321
9297
2193
9686
1781
9442
5950
5821
153
3007
6370
5487
2662
305
9865
5150
1831
2681
4579
1064
6451
8376
9118
6796
5692
355
9620
8116
120
243
9474
348
284
3554
7418
8938
3874
4946
7258
9829
1027
4370
292
7737
2047
2987
2892
2894
9878
6058
9158
5425
5220
1874
541
2931
4553
7348
5406
9666
5436
3555
8386
8750
300
8800
7654
1968
8669
3338
1154
8336
6892
1204
189
530
4343
1687
6240
7392
6331
595
2450
2091
8753
874
3122
8602
1381
9630
7508
3924
6986
552
1644
2129
9756
526
3849
3480
3025
3655
3985
961
8379
9466
8555
8648
6457
6349
2155
9587
5693
5810
9676
9239
7833
9245
6388
1948
8894
3304
4837
253
498
1819
9953
7281
8243
9334
3885
7328
5204
4313
6812
6794
5712
4417
3088
7701
4158
7134
4325
3925
7486
5151
6830
1688
3771
9767
9780
824
6361
9419
1914
5186
9006
723
83
5300
1667
5919
8332
1760
6521
2186
4597
5412
1873
8966
1999
5985
3777
8603
4388
5606
2338
9543
6390
9730
6674
5029
5653
6960
6040
9698
3415
5671
1536
877
7126
9168
5250
7257
2276
6982
8901
8632
7209
5389
1786
7711
827
4141
813
890
5161
9347
1367
7303
9664
7069
2803
1351
1487
222
9533
2618
8489
4276
9572
7909
9405
3359
7449
5400
9389
2877
1565
6052
7282
5616
9534
3111
177
6745
5376
3078
6029
7659
2195
7752
9000
5500
1063
7616
4988
6845
5743
9244
5066
6424
2257
668
9287
6835
771
7651
904
8882
4214
6856
4176
5405
7026
8572
6346
7111
589
3987
4842
9656
9172
3649
4501
5761
7845
5000
1813
6112
5018
4312
8070
8055
4615
3718
6874
9216
3146
2736
7663
8770
3539
1736
8420
1214
709
9292
8913
5143
124
7366
5064
8541
4035
3898
3167
6188
7039
1383
7248
1554
9567
8133
8354
935
322
9957
5960
1580
1308
7707
5128
3937
2342
8323
2451
2359
1264
9569
1615
2734
3878
779
4846
9950
8944
2211
6253
966
6554
922
1375
6411
2371
9496
4027
6851
